# 定义全局变量和方法
import numpy as np

# 6个相机的外参
camera_a_outer_para = np.mat([[0.574322111, 0.771054881, 0.275006333, 0.93847817],
                              [0.565423192, -0.130698104, -0.814379899, -0.36935905],
                              [-0.591988790, 0.623211341, -0.511035123, 4.78810628],
                              [0, 0, 0, 1]])
camera_b_outer_para = np.mat([[0.456023570, 0.727006744, 0.513326112, 1.72205846],
                              [-0.146061166, 0.630108915, -0.762645980, -0.30452329],
                              [-0.877900131, 0.272807532, 0.393531969, 5.53092307],
                              [0, 0, 0, 1]])
camera_c_outer_para = np.mat([[0.609183831, 0.528225460, 0.591500569, 1.59956459],
                              [-0.738350101, 0.649953779, 0.179997814, 0.5030131],
                              [-0.289368602, -0.546386263, 0.785956655, 5.58635091],
                              [0, 0, 0, 1]])
camera_d_outer_para = np.mat([[0.771746127, 0.478767298, 0.418556793, 0.955855425],
                              [-0.476877262, 0.000270229651, 0.878969854, 0.477556906],
                              [0.420708915, -0.877941799, 0.228521787, 4.61760675],
                              [0, 0, 0, 1]])
camera_e_outer_para = np.mat([[0.788882832, 0.555210653, 0.263448302, 0.71648894],
                              [0.159053746, -0.598545227, 0.785140445, 0.00777088],
                              [0.593604063, -0.577481378, -0.560490387, 4.30437514],
                              [0, 0, 0, 1]])
camera_f_outer_para = np.mat([[0.712321206, 0.689000523, 0.133704068, 1.13938413],
                              [0.694227260, -0.719684989, 0.0101009224, -0.28640104],
                              [0.103184351, 0.0856259076, -0.990969825, 4.49819911],
                              [0, 0, 0, 1]])

# 六个相机的内参
camera_a_inner_para = np.mat([[967.5377197, 0, 703.1273732],
                              [0, 967.9393921, 351.0187561],
                              [0, 0, 1]])
camera_b_inner_para = np.mat([[963.2991943, 0, 589.8122291],
                              [0, 962.7422485, 412.5244055],
                              [0, 0, 1]])
camera_c_inner_para = np.mat([[967.4086914, 0, 612.7826353],
                              [0, 968.0758667, 451.7366286],
                              [0, 0, 1]])
camera_d_inner_para = np.mat([[961.0868530, 0, 692.7282436],
                              [0, 960.6126708, 417.4375162],
                              [0, 0, 1]])
camera_e_inner_para = np.mat([[955.4882812, 0, 730.3056525],
                              [0, 953.7589722, 451.5117967],
                              [0, 0, 1]])
camera_f_inner_para = np.mat([[962.0779419, 0, 595.2503222],
                              [0, 961.0998535, 396.8389609],
                              [0, 0, 1]])

# 六个相机在世界坐标系下的坐标

# 六个相机组成的空间平面方程
